4294967279,84
4294967279,80
4294967279,78
4294967279,76
4294967279,75
4294967279,73
4294967279,72
4294967279,70
4294967279,67
4294967279,66
4294967279,64
4294967279,62
4294967279,60
4294967279,58
4294967279,57
4294967279,55
4294967279,54
4294967279,53
4294967279,52
4294967279,50
4294967279,49
4294967279,48
4294967279,44
4294967279,43
4294967279,41
4294967279,39
4294967279,37
4294967279,36
4294967279,35
4294967279,34
4294967279,33
4294967279,32
4294967279,29
4294967279,28
4294967278,132
4294967278,131
4294967278,130
4294967278,129
4294967278,128
4294967278,127
4294967278,126
4294967278,125
4294967278,124
4294967278,123
4294967278,122
4294967278,121
4294967278,120
4294967278,119
4294967278,118
4294967278,117
4294967278,116
4294967278,115
4294967278,114
4294967278,113
4294967278,112
4294967278,111
4294967278,110
4294967278,108
4294967278,106
4294967278,105
4294967278,104
4294967278,103
4294967278,101
4294967278,98
4294967278,96
4294967278,95
4294967278,94
4294967278,93
4294967278,92
4294967278,91
4294967278,90
4294967278,89
4294967278,86
4294967278,83
4294967278,81
4294967278,80
4294967278,79
4294967278,78
4294967278,77
4294967278,76
4294967278,75
4294967278,74
4294967278,72
4294967278,69
4294967278,67
4294967278,66
4294967278,65
4294967278,64
4294967278,63
4294967278,62
4294967278,61
4294967278,60
4294967278,0
4294967278,348
4294967279,83
4294967279,81
4294967279,79
4294967279,74
4294967279,69
4294967279,65
4294967279,61
4294967279,59
4294967279,549
4294967279,56
4294967279,51
4294967279,47
4294967279,46
4294967279,45
4294967279,38
4294967279,30
4294967279,27
4294967279,377
4294967279,26
4294967279,25
4294967279,24
4294967279,23
4294967279,22
4294967279,20
4294967279,19
4294967279,18
4294967279,17
4294967279,307
4294967279,16
4294967279,351
4294967279,15
4294967279,513
4294967279,14
4294967279,355
4294967279,13
4294967279,304
4294967279,12
4294967279,376
4294967279,11
4294967279,558
4294967279,10
4294967279,530
4294967279,9
4294967279,278
4294967279,8
4294967279,310
4294967279,7
4294967279,6
4294967279,242
4294967279,5
4294967279,4
4294967278,109
4294967278,289
4294967294,29
4294967278,226
4294967294,42
4294967294,393
4294967294,390
4294967294,389
4294967294,114
4294967294,44
4294967294,43
4294967278,224
4294967278,311
4294967278,107
4294967278,222
702,5
4294967294,52
4294967278,102
4294967294,107
4294967294,51
4294967278,218
702,4
4294967278,216
702,3
702,2
702,1
4294967278,280
4294967278,214
4294967294,76
4294967294,99
4294967294,82
4294967294,83
4294967294,92
4294967294,91
4294967294,88
4294967294,86
4294967294,85
4294967294,1414
4294967278,100
4294967278,400
4294967279,567
4294967278,99
4294967278,211
4294967278,305
4294967278,210
4294967278,97
4294967278,209
4294967278,304
4294967278,208
4294967278,206
701,5
4294967278,205
701,4
701,3
701,2
701,1
4294967278,204
4294967278,87
4294967294,437
4294967278,202
4294967278,201
4294967278,380
4294967294,205
4294967278,200
4294967294,199
4294967279,77
4294967294,427
4294967278,85
4294967278,372
4294967294,1416
4294967279,566
4294967279,539
4294967279,0
4294967278,84
4294967278,197
4294967278,303
4294967279,537
4294967278,196
4294967294,1419
4294967294,1418
4294967278,82
4294967278,195
4294967278,323
4294967279,82
4294967279,563
4294967278,194
4294967278,192
699,5
4294967278,191
699,4
4294967279,191
699,3
699,2
699,1
4294967279,545
4294967278,190
4294967278,73
4294967294,202
4294967278,188
4294967279,188
4294967278,187
4294967278,379
4294967278,186
4294967279,186
4294967278,71
4294967278,421
4294967279,559
4294967279,71
4294967278,70
4294967278,183
4294967278,302
4294967294,7
4294967279,315
4294967294,6
4294967278,182
4294967294,38
4294967278,68
4294967278,181
4294967278,266
4294967279,68
4294967278,180
4294967279,179
4294967278,178
4294967294,89
4294967279,178
697,5
4294967278,177
697,4
697,3
697,2
697,1
4294967279,550
4294967279,63
4294967279,172
4294967294,396
4294967294,420
4294967294,148
4294967294,384
4294967294,444
4294967294,167
4294967294,416
4294967294,454
4294967278,310
4294967279,169
695,6
4294967279,533
4294967279,535
695,5
695,4
695,3
695,2
695,1
4294967279,162
694,5
4294967279,158
694,4
4294967279,157
694,3
694,2
694,1
4294967279,298
4294967294,120
4294967294,5
4294967279,42
4294967279,226
4294967279,40
4294967279,149
4294967279,146
4294967279,148
693,5
